-0.6654,-0.29823,0.68432,0.73274,-0.085832,0.67507,0.14259,-0.95063,-0.27564,345.29,211.85,133.7,80.956,68.37,59.09,114.12,146.91,81.048,0.92199,0.77568
0.86178,-0.026205,0.50661,0.27851,0.85914,-0.42932,-0.424,0.51107,0.74768,306.59,138.43,96.369,83.628,58.6,50.74,121.58,161.71,62.384,0.94932,0.71789
-0.94897,0.22318,-0.22282,0.071474,0.84036,0.5373,-0.30716,-0.49395,0.81342,454.97,340.37,194.05,105.33,92.935,69.494,124.93,93.668,74.062,0.90448,0.82155
-0.91266,0.11877,-0.39107,0.30053,0.84349,-0.4452,-0.27699,0.52385,0.80552,248.69,154.83,86.285,92.07,62.446,53.617,113.01,84.374,57.126,0.93788,0.83031
-0.36967,-0.6527,0.66131,0.91695,-0.37127,0.14614,0.15014,0.66041,0.73574,235.97,101.36,51.305,63.433,56.154,42.877,155.29,152.56,85.842,0.97608,0.86243
-0.99888,0.028195,0.037974,0.029587,-0.25389,0.96678,0.0369,0.96682,0.25278,273.58,181.12,129.82,78.451,67.719,57.459,159.41,155.18,86.627,0.88024,0.6973
0.3901,-0.76978,0.50523,0.75053,0.5837,0.30983,-0.53341,0.25833,0.80545,328.76,67.683,50.679,66.461,41.708,35.92,172.38,151.9,102.57,0.98805,0.66284
0.90251,0.014868,0.43042,-0.38883,-0.40161,0.82917,-0.18519,0.91569,0.35667,469.07,220.98,132.27,102.19,77.103,65.848,100.56,144.19,94.397,0.95942,0.80107
-0.895,0.28394,-0.34402,0.44606,0.57137,-0.68889,-0.00095969,0.77001,0.63803,204.44,111.19,47.826,69.192,53.004,41.474,147.18,163.87,60.507,0.97225,0.90276
0.93668,-0.10213,0.33496,-0.23066,0.53976,0.8096,0.26348,0.8356,-0.48203,206.41,96.475,54.918,78.086,48.829,37.474,115.23,86.265,47.909,0.96396,0.82217
-0.95044,-0.10622,-0.29219,-0.30457,0.50678,0.80648,0.062411,0.85551,-0.51402,641.68,274.1,137.94,118.71,87.246,91.072,140.78,89.171,70.559,0.97662,0.86415
0.9696,-0.074954,0.23292,-0.23087,0.035103,0.97235,0.081058,0.99657,-0.016731,298.86,132.93,73.236,86.075,59.606,46.015,148.63,83.186,94.956,0.96951,0.83454
-0.13917,0.57442,0.80664,0.80322,-0.41095,0.43122,-0.57919,-0.70793,0.4042,302.67,132.77,77.003,74.866,66.968,44.471,155.06,160.87,81.787,0.9671,0.81465
0.9844,-0.17099,0.041493,-0.046804,-0.027149,0.99854,0.16961,0.9849,0.034729,200.71,88.596,67.567,72.726,55.635,45.314,125.28,168.25,65.216,0.94163,0.64683
-0.66039,-0.75064,-0.020604,0.49371,-0.41335,-0.7651,-0.5658,0.51544,-0.64358,174.12,116.46,109.78,74.621,62.783,61.244,151.58,138.01,87.959,0.7762,0.33363
-0.9522,0.020805,-0.30476,-0.24768,0.53134,0.81014,0.17878,0.8469,-0.50079,344.64,158.46,89.329,94.553,66.354,49.757,133.1,79.383,56.301,0.96582,0.82596
0.91898,-0.0033831,0.39428,-0.3753,-0.31413,0.87205,-0.12091,0.94937,0.28995,373.36,244.19,110.44,90.352,73.309,58.828,128.61,153.05,78.799,0.95525,0.89188
-0.82046,-0.40753,-0.40095,0.55616,-0.40653,-0.72486,0.13241,-0.81771,0.56019,328.88,259.25,143.05,93.541,76.268,60.871,143.36,88.881,94.15,0.90045,0.83399
0.70672,-0.047899,0.70587,-0.49964,-0.74018,0.45,0.50092,-0.6707,-0.54703,356.68,176.16,131.05,92.402,71.081,59.348,141.67,161.15,77.54,0.93006,0.66828
0.23188,-0.95204,0.19964,-0.96369,-0.25277,-0.086051,-0.13239,0.17244,0.97608,475.77,173.79,93.297,87.665,69.927,48.136,156.35,108.05,78.249,0.98058,0.84369
0.17304,-0.98485,0.010887,-0.98489,-0.17311,-0.0053282,-0.0071321,0.0098008,0.99993,1626.2,413.11,99.958,126.46,109.92,56.171,135.75,111.44,54.708,0.99811,0.97029
0.45775,0.49283,0.73999,0.88767,-0.20648,-0.41159,-0.050052,0.84527,-0.53199,157.82,98.415,70.572,67.269,54.208,45.604,110.73,158.79,56.787,0.89445,0.69698
0.74171,-0.3554,0.56882,-0.013771,-0.85596,-0.51685,0.67058,0.37552,-0.63977,148.56,79.413,62.186,71.746,47.921,49.853,145.2,102.12,79.322,0.90818,0.62193
-0.9804,-0.030745,-0.19459,-0.18162,0.52368,0.83233,0.076312,0.85136,-0.519,653.41,264.57,135.89,130.95,84.789,61.402,116.14,84.374,55.871,0.97814,0.85801
-0.9889,0.14612,-0.026977,0.14685,0.98877,-0.027741,-0.022621,0.031395,0.99925,368.43,131.98,74.048,83.782,59.422,48.598,110.35,110.74,108.82,0.9796,0.82779
0.33701,0.62358,0.70539,0.89659,0.016092,-0.44258,-0.28733,0.7816,-0.55367,198.9,126.01,112.84,77.137,59.29,52.676,120.82,134.31,101.29,0.82349,0.44496
-0.97144,0.23591,0.025405,-0.057229,-0.33687,0.93981,0.23027,0.91152,0.34075,204.14,120.15,74.502,84.882,55.795,75.871,146.43,147.16,100.57,0.93103,0.78455
-0.99892,-0.00051006,-0.046512,0.016754,0.92888,-0.37,-0.043393,0.37038,0.92787,470.93,238.35,171.79,109.99,110.77,77.396,128.93,151.56,92.499,0.93109,0.69321
0.53414,-0.24102,0.81031,-0.8453,-0.13731,0.51635,0.013188,0.96076,0.27708,651.42,161.45,118.59,107.29,65.894,53.228,161.07,155.91,80.137,0.98329,0.67857
0.43005,-0.72941,0.532,0.63384,0.66356,0.39741,-0.64288,0.1663,0.7477,419.98,157.7,70.858,86.219,70.199,49.534,108.52,113.3,95.372,0.98566,0.89338
-0.98113,-0.19334,-0.0028782,0.10028,-0.52152,0.84733,-0.16532,0.83105,0.53107,220.88,168.68,118.61,71.198,70.249,81.854,127.66,141.14,106.2,0.84359,0.71102
-0.99816,0.060638,0.0025843,0.014789,0.2017,0.97934,0.058863,0.97757,-0.20222,554.78,258.67,164.76,109.51,77.967,70.937,101.65,94.557,73.877,0.95488,0.77091
0.76969,-0.30256,0.56217,-0.63812,-0.33784,0.69186,0.019406,0.89125,0.4531,404.15,150.93,64.308,86.499,69.888,54.919,119.61,154.73,69.814,0.98726,0.90469
-0.97178,0.22876,-0.057515,0.19436,0.63842,-0.74474,0.13365,0.73491,0.66487,117.57,61.05,36.892,61.848,41.091,37.335,165.35,157.23,52.045,0.94949,0.79677
0.82588,0.19221,0.53007,-0.12716,-0.85239,0.5072,0.54932,-0.48629,-0.67954,342.83,112.65,101.64,85.915,59.556,54.576,144.38,82.549,78.983,0.95504,0.43114
0.45197,0.35827,0.81692,0.81869,-0.53026,-0.22039,0.35422,0.76841,-0.53298,354.23,236.8,157.29,89.4,82.509,67.898,88.552,103.14,86.513,0.89601,0.74752
0.85771,-0.1129,0.50159,-0.49137,0.10714,0.86434,0.15132,0.98781,-0.036422,352.4,231.04,99.336,100.5,78.806,62.895,159.04,137.35,98.241,0.95945,0.90285
-0.81697,-0.22416,0.53133,0.57593,-0.2702,0.77155,0.029382,-0.93635,-0.34985,150,87.134,38.207,56.616,48.066,34.795,134.43,134.48,120.71,0.96702,0.89874
-0.95459,0.022636,-0.29707,0.21717,-0.62975,-0.74583,0.20396,0.77647,-0.59623,321.53,216.99,131.38,84.46,73.144,59.663,119.92,87.976,99.523,0.91271,0.79587
0.8824,-0.016005,0.47023,-0.44164,-0.37283,0.81606,-0.16226,0.92776,0.33605,341.21,170.89,81.284,89.475,62.93,52.598,99.576,138.36,106.55,0.97121,0.87963
-0.81153,0.58131,0.059155,0.48584,0.61505,0.62103,-0.32463,-0.53272,0.78155,433.23,217.22,71.036,88.782,72.026,50.503,126.64,81.787,59.804,0.98647,0.94502
0.62621,-0.69922,0.34489,-0.44521,-0.68384,-0.57806,0.64004,0.20844,-0.73953,111.14,46.077,32.674,49.366,36.407,29.954,145.24,165.65,88.573,0.95581,0.70508
-0.97138,-0.021577,-0.23653,0.1532,-0.81793,-0.55455,0.1815,0.57491,-0.79783,563.38,240.99,152.84,111.97,82.527,65.781,129.26,83.722,69.59,0.9625,0.77315
-0.80053,0.016257,0.59907,0.4982,0.57366,0.65017,0.33309,-0.81893,0.46733,581.9,164.71,92.334,104.72,76.771,52.281,156.29,86.188,84.822,0.98733,0.82809
0.20335,-0.68657,0.69805,-0.5982,-0.65153,-0.46655,0.77512,-0.3227,-0.54319,166.85,110.19,86.921,61.209,55.544,47.015,152.18,150.81,85.777,0.85359,0.61457
-0.38967,-0.90213,-0.18526,-0.89797,0.32752,0.29392,0.20447,-0.28089,0.9377,411.95,291.45,164.68,95.843,86.449,68.884,71.7,129.83,62.039,0.91662,0.82505
-0.74371,-0.2872,0.60366,0.40914,0.51858,0.75078,0.52868,-0.80535,0.26817,374.33,286.42,80.149,85.041,86.827,49.332,173.47,85.876,61.585,0.97681,0.96005
-0.43105,0.10693,0.89597,0.79763,-0.41911,0.43375,-0.42189,-0.90162,-0.095363,230.47,174.37,95.044,74.654,62.041,60.341,166.8,139.78,94.432,0.91101,0.83839
-0.9222,-0.37882,-0.077777,-0.29541,0.81984,-0.4905,-0.24958,0.42936,0.86796,189.23,131.86,74.699,73.954,63.303,50.246,112.81,87.92,56.808,0.91879,0.82407
-0.26749,0.43002,0.86228,-0.83239,0.34765,-0.43159,0.48536,0.8332,-0.26496,292.73,76.342,74.449,69.715,64.815,50.705,109.51,111.53,99.513,0.96712,0.22128
0.60404,0.40111,0.68866,0.7645,-0.047565,-0.64286,0.2251,-0.9148,0.33538,363.1,145.6,111.46,97.255,59.173,60.015,157.4,94.706,88.544,0.95172,0.64339
-0.98714,-0.1595,0.011178,0.10319,-0.58212,0.80653,-0.12213,0.7973,0.59109,247.03,129.23,63.201,82.491,63.879,44.112,116.33,144.82,51.72,0.96672,0.87226
0.85877,0.19136,0.47528,0.45237,-0.71873,-0.528,0.24056,0.66844,-0.70379,417.42,168.72,93.605,94.778,68.825,51.419,125.97,80.156,64.137,0.97453,0.83198
0.018165,-0.99961,0.021042,0.69756,0.027748,0.71599,0.7163,-0.0016715,-0.69779,394.42,210.92,183.95,84.468,93.327,72.882,90.892,126.57,82.889,0.88458,0.48926
-0.94714,0.18814,-0.25988,0.20948,0.97616,-0.05676,-0.24301,0.1082,0.96397,157.22,94.116,72.592,73.351,56.608,40.98,115.28,160.92,51.382,0.88702,0.63646
-0.1221,-0.17933,0.97618,0.92808,-0.36923,0.048258,0.35178,0.91187,0.21152,276.91,196.06,85.692,77.758,73.031,51.878,178.25,142.13,90.828,0.95091,0.89943
-0.83017,-0.45868,-0.31692,-0.49068,0.33124,0.80592,-0.26468,0.82456,-0.50005,242.32,197.01,105.5,91.903,76.898,53.681,156.6,78.885,67.167,0.90026,0.84455
0.89951,0.16893,0.40293,-0.43683,0.36518,0.82208,0.0082651,0.91548,-0.40228,422.43,212.61,136.1,96.975,79.312,58.776,137.1,88.461,98.637,0.94667,0.76825
-0.95912,0.10284,-0.26367,0.22514,0.84179,-0.49062,-0.17149,0.52992,0.83053,144.37,68.816,32.262,91.744,86.135,33.843,158.7,165.59,58.545,0.97471,0.88329
0.19544,0.21066,0.95782,0.92852,0.27462,-0.24986,-0.31567,0.93819,-0.14193,164.58,144.04,54.02,59.262,56.755,50.704,170.25,98.347,97.869,0.9446,0.92701
0.82983,-0.046083,0.55611,-0.5578,-0.095959,0.82441,-0.015372,0.99432,0.10534,394.72,230.26,161.83,97.609,80.783,64.907,149.64,82.622,85.278,0.91209,0.71138
0.82656,0.15472,0.54117,-0.55455,0.38839,0.73596,0.096319,0.90842,-0.40682,382.71,173.27,79.06,96.18,70.238,53.213,149.36,84.332,73.401,0.97843,0.88983
-0.99059,0.11544,-0.07351,0.13433,0.71745,-0.68353,0.026164,0.68698,0.72621,290.38,193.73,145.18,78.841,73.39,57.326,153.74,162.46,71.072,0.86604,0.6621
-0.87297,0.16078,0.46052,0.47712,0.4777,0.73767,0.10138,-0.86369,0.49373,525.5,155.77,68.553,107.8,68.983,54.926,159.34,103.87,101.76,0.99145,0.89795
-0.97147,0.13711,-0.1935,-0.22812,-0.31728,0.92048,0.06481,0.93837,0.33951,286.97,159.84,97.766,78.174,70.693,50.23,149.46,138.42,107.4,0.94018,0.79112
-0.94433,-0.1519,-0.29182,0.090679,0.73249,-0.67471,-0.31625,0.66362,0.67794,498.27,183.18,104.23,99.501,74.447,57.354,136.62,153.87,65.835,0.97788,0.82235
0.28693,0.94118,-0.17848,0.81299,-0.33779,-0.47428,0.50667,0.0090146,0.8621,370.34,185.1,132.26,89.115,66.556,58.545,99.506,113.76,100.75,0.93405,0.6996
-0.3078,0.33205,0.89163,0.92495,-0.11522,0.36221,0.223,0.9362,-0.27166,121.34,106.33,48.894,52.351,63.326,39.393,111.83,147.91,59.902,0.91523,0.888
-0.98278,-0.085668,-0.16374,0.10511,0.46961,-0.87659,0.15199,-0.87871,-0.45252,310.52,158.77,85.846,89.614,62.965,55.085,145.15,158.37,63.474,0.96103,0.84121
-0.34795,-0.64259,0.68265,-0.90738,0.047701,-0.41759,0.23578,-0.76472,-0.59967,113.13,54.812,36.122,80.043,95.745,40.976,136.92,108.67,68.967,0.94766,0.75213
-0.15189,0.73461,0.66127,-0.93328,0.11369,-0.34067,0.32544,0.6689,-0.66833,194.75,180.43,78.835,62.197,68.827,47.968,143.89,96.532,83.46,0.91441,0.8995
-0.96002,0.27378,-0.058312,0.11938,0.58886,0.79937,0.25319,0.76046,-0.598,371.91,266.94,143.57,93.506,87.076,59.972,109.47,100.25,98.697,0.92248,0.84305
0.038009,-0.11858,0.99222,0.99728,-0.058207,-0.045159,0.063109,0.99124,0.11604,83.942,61.918,24.423,44.545,38.433,27.975,170.3,129.47,82.434,0.95674,0.91892
0.88982,0.17278,0.42233,0.43835,-0.066548,-0.89634,0.12677,-0.98271,0.13496,334.68,189.21,121.11,102.83,91.45,52.539,117.08,90.45,59.621,0.93222,0.7683
0.9609,0.046684,0.27292,-0.26646,0.42382,0.86566,0.075258,0.90454,-0.41969,425.05,159.77,62.282,94.449,61.08,49.964,134.85,87.71,77.679,0.98921,0.92089
0.91392,-0.071619,0.39953,-0.26568,0.63861,0.72221,0.30687,0.76619,-0.56461,447.61,182.93,137.12,104.61,64.268,58.561,100.96,104.63,102.27,0.95193,0.66196
-0.88139,-0.28223,-0.37882,0.47229,-0.5432,-0.69418,0.0098551,0.79075,-0.61206,443.07,219.18,126.57,95.413,77.675,64.784,140.51,80.667,75.268,0.95833,0.81643
0.64606,-0.73485,0.20642,-0.74578,-0.66531,-0.034337,-0.16257,0.13176,0.97786,252.08,74.986,45.146,67.32,44.719,35.309,127.35,162.15,68.796,0.98383,0.79845
0.57168,0.55223,0.60682,0.56704,-0.80046,0.19425,0.593,0.23304,-0.77074,418.36,115.68,97.02,87.268,61.695,60.483,126.18,86.888,97.014,0.97274,0.54459
0.925,-0.041486,0.37769,-0.27832,-0.75068,0.59918,0.25867,-0.65936,-0.70593,284.14,114.99,105,79.896,62.885,56.705,125.9,156.15,59.469,0.92921,0.40767
-0.92719,0.25024,0.27875,0.23616,-0.18715,0.95352,-0.29077,-0.94993,-0.11443,401.65,273.93,108.02,94.476,84.391,63.65,162.91,143.74,94.902,0.96315,0.91897
-0.77446,-0.60939,0.16986,-0.62946,0.71551,-0.30302,-0.06312,0.3416,0.93772,234.5,118.73,101.17,77.002,63.658,48.18,164.14,138.79,76.689,0.90214,0.52333
-0.98819,-0.14922,-0.034865,-0.15256,0.9794,0.13229,-0.014407,-0.13604,0.9906,827.82,574.36,268.63,144.36,108.13,94.304,137.75,127.47,96.069,0.94588,0.88388
-0.27586,0.47477,0.83576,0.91781,-0.12818,0.37576,0.28553,0.87072,-0.40039,1091.6,178.75,45.435,113.6,76.828,35.834,119.15,89.307,90.442,0.99913,0.96716
-0.95053,-0.28012,0.13426,0.27969,-0.58369,0.76228,0.13516,-0.76213,-0.63316,141.68,67.2,39.17,90.555,48.055,34.439,156.51,133.3,99.897,0.96102,0.81255
0.88982,-0.13598,-0.43557,0.28618,-0.5772,0.76482,-0.35541,-0.8052,-0.47469,177.13,152.06,71.674,66.868,63.159,91.588,178.04,153.88,72.13,0.91448,0.88194
0.92049,0.017129,0.3904,-0.35754,-0.36621,0.8591,-0.15768,0.93038,0.33097,328.73,216.84,187.39,102.44,70.04,69.96,91.507,135.24,96.637,0.82162,0.50316
-0.24782,-0.4175,0.87423,0.94935,-0.28458,0.13321,0.19318,0.86297,0.46688,314.18,234,129.42,85.922,95.693,61.946,163.28,150.33,84.982,0.91121,0.83314
-0.75548,0.59341,-0.27771,0.65471,0.69972,-0.2859,-0.024662,0.39781,0.91714,182.9,93.236,78.129,69.473,47.667,50.432,149.43,153.99,87.403,0.90417,0.5457
-0.80944,0.25912,0.52694,0.44742,-0.30901,0.83924,-0.38029,-0.91508,-0.13419,295.5,227.17,79.578,100.69,88.712,61.444,169.52,141.53,89.543,0.96306,0.93664
0.95067,0.10959,0.29019,-0.24175,-0.32443,0.91449,-0.19437,0.93954,0.28193,418.61,256.19,180.83,96.496,84.222,68.134,99.633,144.41,79.423,0.90189,0.70838
0.69764,0.22308,0.68084,0.69774,0.0042441,-0.71634,0.16269,-0.97479,0.15269,249.26,113.98,51.261,78.091,53.639,37.464,165.02,100.62,97.021,0.97862,0.89316
-0.96049,0.13242,-0.2448,0.0017519,0.88242,0.47046,-0.27832,-0.45145,0.84778,298.06,95.477,71.203,83.831,53.985,68.467,124.05,162.49,65.061,0.97105,0.66622
-0.98152,0.011998,-0.19096,0.13958,-0.63771,-0.75752,0.13087,0.77018,-0.62426,405.42,132.39,46.06,98.871,56.447,41.118,141.74,95.374,58.386,0.99353,0.93753
0.94396,-0.14443,0.29678,-0.1697,0.55883,0.81173,-0.28308,-0.81661,0.503,435.65,301.76,160.95,108.66,80.492,90.796,136.34,82.286,72.994,0.92926,0.84589
-0.74244,-0.64986,-0.16269,-0.55366,0.73195,-0.39712,-0.37715,0.20477,0.90323,125.2,90.538,57.093,94.192,80.529,70.444,108.1,88.482,51.771,0.88997,0.77611
0.66203,0.022598,0.74914,-0.57826,-0.62048,0.52973,-0.4768,0.7839,0.3977,49.356,33.59,19.562,34.329,30.156,22.262,126.32,88.855,117.09,0.9181,0.81291
-0.89839,-0.29795,-0.32267,-0.43417,0.71329,0.55019,-0.066225,-0.63438,0.77018,226.67,137.09,47.886,71.827,57.482,35.943,165.64,93.175,64.757,0.97743,0.937
-0.7268,-0.52955,0.43742,0.62689,-0.25119,0.7375,0.28067,-0.81023,-0.51454,127.4,72.643,58.94,50.697,43.662,35.814,108.74,158.92,97.737,0.88655,0.58455
0.69872,0.66532,-0.26293,0.65309,-0.74324,-0.14516,0.292,0.070293,0.95383,89.995,58.377,22.857,60.59,59.602,42.618,142.93,117.64,70.4,0.96721,0.92016
-0.90339,0.024919,-0.4281,0.27284,0.80358,-0.52897,-0.33083,0.59467,0.73275,296.9,169.79,77.052,77.968,61.383,49.083,146.24,155.94,66.377,0.96574,0.8911
-0.97612,-0.19375,-0.098229,-0.040999,-0.27974,0.9592,-0.21332,0.94032,0.26512,583.16,218.14,98.217,152.35,97.268,111.36,97.875,142.66,94.496,0.98572,0.8929
-0.40821,-0.078203,0.90953,-0.83696,-0.36577,-0.40708,-0.36452,0.92741,-0.083859,139.52,109.01,64.701,61.271,70.545,71.02,150.35,139.34,88.806,0.88597,0.80483
0.92195,-0.33574,0.19312,-0.3314,-0.94187,-0.055333,-0.20047,0.012985,0.97961,131.51,43.996,34.555,67.507,89.713,43.083,155.15,157.02,51.315,0.96486,0.61897
0.93198,0.10265,0.34766,-0.32816,-0.16855,0.92946,-0.15401,0.98033,0.1234,641.46,272.21,73.942,114.49,84.025,56.177,105.28,143.07,83.091,0.99333,0.9624
0.60356,-0.39797,0.69089,-0.6991,0.15249,0.69857,0.38336,0.90464,0.18618,347.56,141.89,44.973,87.788,65.57,35.648,140.79,135.65,115.06,0.99159,0.94844
-0.28122,0.86698,0.41141,0.95041,0.19228,0.24445,-0.13283,-0.45975,0.87806,224.35,154.74,43.51,69.632,62.21,36.32,139.56,72.327,60.062,0.98101,0.95965
-0.97585,-0.076674,-0.20453,0.19827,-0.70383,-0.68214,0.091653,0.70622,-0.70204,511.22,319.75,132.49,115.44,82.741,63.696,130.92,80.609,67.519,0.96583,0.91011
0.85875,0.08332,0.50558,-0.48756,0.43635,0.75623,0.1576,0.89591,-0.41534,354.27,212.54,116.02,89.649,69.631,89.722,144.17,79.985,77.861,0.94485,0.83786
-0.2941,-0.47227,0.83094,0.57192,0.60961,0.5489,0.76577,-0.63666,-0.090813,280.22,215.31,185.69,91.939,76.006,124.48,100.66,132.98,94.298,0.74891,0.50617
-0.97045,0.08685,-0.22514,-0.17018,0.41514,0.8937,0.17108,0.9056,-0.38809,342.44,200.14,74.868,102.82,72.585,128.31,108.19,99.925,106.36,0.97581,0.92739
0.81545,0.066427,0.57501,-0.4919,0.60312,0.62791,0.30509,0.79488,-0.52449,390.85,164.22,79.752,90.19,63.9,47.003,124.9,84.695,65.189,0.97896,0.87417
-0.1136,-0.92736,0.35651,-0.87874,-0.073641,-0.47158,-0.46358,0.36685,0.80655,236.61,216.41,96.309,76.183,73.087,55.65,137.16,147.76,71.905,0.91341,0.89551
0.56634,0.11459,0.81616,0.81724,0.050042,-0.57412,0.10663,-0.99215,0.065304,192.38,136.98,79.018,65.426,60.501,42.976,118.89,79.054,79.579,0.91176,0.81686
0.87116,0.35785,0.3362,0.33105,-0.93375,0.13607,-0.36262,0.0072368,0.93191,675.6,121.47,35.218,88.92,60.799,48.87,131.77,162.02,53.064,0.99864,0.95705
-0.9501,-0.0029976,-0.31193,-0.14519,0.88928,0.4337,-0.27609,-0.45735,0.84534,320.09,211.45,141.43,87.96,65.409,58.299,110.81,129.55,101.17,0.8971,0.7434
0.89447,0.3072,0.32489,-0.44451,0.53234,0.72044,-0.048363,0.78883,-0.61271,423.36,185.37,167.73,98.625,66.743,67.733,90.87,144.61,85.944,0.91817,0.42577
0.94013,-0.051291,0.33695,-0.23555,0.61674,0.7511,0.24633,0.78549,-0.56773,210.05,58.509,40.934,68.883,40.281,33.182,124.14,63.176,53.021,0.98083,0.71452
-0.86748,0.40076,-0.29473,0.48653,0.55994,-0.67063,0.10373,0.72516,0.68072,138.14,77.913,44.52,54.78,46.776,35.177,161.38,168.53,72.267,0.94665,0.82067
-0.84354,-0.12948,-0.52123,-0.53585,0.2683,0.80055,-0.036193,-0.9546,0.2957,180.38,125.36,39.028,60.6,70.291,40.391,109.86,80.52,71.1,0.97631,0.9503
-0.57343,-0.69632,0.43165,-0.76788,0.64046,0.013067,0.28555,0.32396,0.90195,86.173,54.696,39.232,40.27,36.372,32.353,137.35,169.3,85.925,0.89035,0.69678
-0.96274,-0.0044606,-0.2704,0.19871,0.66653,-0.71851,-0.18343,0.74546,0.64081,418.3,221.07,142,94.993,79.442,67.266,141.65,160.49,68.538,0.94061,0.76642
-0.99495,0.10002,0.0079251,0.085613,0.80512,0.5869,-0.052322,-0.58462,0.80962,426.23,290.83,141.93,93.91,78.379,60.954,133.52,88.419,72.376,0.94293,0.87283
-0.99832,0.047675,0.033041,0.051268,0.45878,0.88707,0.027132,0.88727,-0.46045,502.76,221.61,132.5,106.06,75.5,64.273,138.91,97.139,102.45,0.96465,0.80156
0.50607,-0.098654,0.85683,-0.8499,0.1121,0.51489,0.14685,0.98879,0.027114,176.24,96.262,58.795,64.208,49.757,38.418,117.99,76.756,86.246,0.94271,0.7918
-0.6765,0.43311,-0.59562,0.69611,0.64004,-0.32523,-0.24036,0.63464,0.73448,176.64,124.43,51.744,62.741,52.047,37.415,163.63,161.33,64.437,0.95613,0.90944
-0.7165,-0.31163,0.62411,-0.47077,-0.44422,-0.76226,-0.51479,0.83997,-0.17158,284.71,192.7,61.337,78.788,64.38,40.896,175.1,88.981,63.159,0.97652,0.94799
0.82438,-0.14483,0.54719,-0.55969,-0.064284,0.82621,0.084482,0.98737,0.13405,633.65,220.88,130.97,114.85,91.154,94.33,144.52,151.31,70.415,0.97841,0.80525
-0.96355,0.096499,-0.24953,0.2491,0.66383,-0.70518,-0.097597,0.74163,0.66367,232.85,145.96,69.971,71.054,58.995,49.206,145.48,160.45,66.203,0.95378,0.8776
-0.95483,-0.17832,0.23769,0.29477,-0.46764,0.83332,-0.037446,0.86575,0.49908,151.29,122.72,87.953,64.021,53.144,47.506,101.73,100.85,93.431,0.81364,0.69737
-0.83308,0.44027,-0.33487,0.50825,0.84817,-0.14931,-0.21829,0.29458,0.93036,173.75,95.661,38.001,77.837,46.973,34.254,140.21,82.842,90.538,0.97579,0.91771
-0.95355,0.0085326,-0.30111,0.24463,0.6052,-0.75756,-0.17576,0.79603,0.57918,397.69,268.36,120.93,92.847,82.659,59.624,105.92,146.19,95.066,0.95265,0.89272
-0.11705,0.96497,-0.2348,0.99282,0.10784,-0.051732,0.024599,0.23917,0.97067,499.87,310.01,169.45,97.783,95.297,69.027,97.798,128.27,79.616,0.94079,0.83739
0.87705,0.034419,0.47916,-0.45469,-0.26245,0.8511,-0.15505,0.96433,0.21453,283.65,181.86,106.82,77.831,65.566,48.295,113.24,146.47,96.563,0.92638,0.8093
-0.97016,0.1804,-0.16198,0.24238,0.70593,-0.66552,0.0057153,0.68492,0.72859,342.23,137.77,120.93,90.983,57.851,54.933,147.74,160.3,58.306,0.93548,0.47903
-0.91249,-0.33858,0.22962,0.18825,0.15082,0.97047,0.36321,-0.92877,0.073884,248.96,176.08,105.71,68.082,86.949,74.172,170.39,89.787,82.711,0.90537,0.79971
-0.98982,-0.13384,0.048424,-0.013885,0.42939,0.90301,-0.14165,0.89315,-0.42688,309.25,206.89,169.94,94.593,76.483,70.367,154.87,95.143,93.943,0.83547,0.57034
0.89019,-0.26317,0.37189,-0.45558,-0.50861,0.73059,0.0031249,0.81979,0.57265,476.34,190.55,122.55,110.43,64.052,62.179,145.38,154.34,95.867,0.96634,0.76574
0.87022,-0.072711,0.48727,-0.3727,0.54966,0.74764,0.32219,0.83222,-0.45123,677.53,238.86,180.14,119.73,79.156,68.418,134.71,86.586,80.014,0.96401,0.65667
0.92846,-0.32666,-0.17678,-0.29826,-0.93935,0.16929,0.22136,0.10446,0.96958,75.961,47.66,32.011,36.848,33.078,29.225,157.05,96.428,56.12,0.90687,0.74086
-0.93953,0.066287,0.33599,0.33635,0.3632,0.86888,0.064439,-0.92935,0.36354,392.87,258.06,162.18,106.65,87.589,64.28,155.68,88.022,87.755,0.91081,0.77784
0.83861,0.50771,0.19737,0.47683,-0.85938,0.18464,-0.26337,0.060731,0.96278,150.12,113.4,65.321,61.947,50.432,46.031,111.38,163.35,49.607,0.90037,0.81745
0.62178,-0.46377,0.63112,0.041377,0.82415,0.56486,0.7821,0.3251,-0.53163,297.48,211.5,143.85,86.619,83.351,75.027,156.99,104.39,86.899,0.87531,0.73307
0.97466,-0.1975,0.10503,-0.09477,0.060716,0.99365,0.20262,0.97842,-0.04046,279.72,141.7,121.84,78.981,57.987,64.895,123.17,146.3,65.049,0.90015,0.51048
-0.39982,0.22192,0.88932,0.85642,0.43619,0.27618,0.32663,-0.87206,0.36446,289.76,270.98,129.42,108.15,93.603,61.847,136.63,130.36,84.404,0.89472,0.87859
-0.93802,0.31906,-0.13534,-0.15856,-0.74231,-0.65102,0.30818,0.58921,-0.7469,189.06,107.97,78.827,62.623,52.908,46.466,147.31,155.95,55.507,0.90893,0.68333
-0.96723,0.19435,0.16338,-0.20173,-0.19754,-0.95931,0.15417,0.96084,-0.23027,472.91,205.17,170.52,100.41,89.6,79.402,157.21,95.386,84.502,0.93273,0.55611
-0.86376,0.025995,0.50323,0.45646,0.46337,0.75956,0.21343,-0.88579,0.4121,216.34,149.67,109.6,68.15,60.528,51.814,163.85,97.725,98.646,0.86217,0.68102
-0.53733,0.065756,0.84081,0.75074,-0.41696,0.51238,-0.38428,-0.90654,-0.17468,336.09,206.86,99.379,88.921,68.36,51.526,163.19,141.87,95.043,0.95528,0.87705
-0.97024,-0.11165,-0.21489,0.12968,0.50985,-0.85043,0.20451,-0.85299,-0.4802,603.17,188.1,101.54,131.55,72.705,49.723,130.67,157.23,65.985,0.98573,0.84177
-0.0059524,-0.3669,0.93024,-0.99909,0.041521,0.0099836,0.042288,0.92933,0.36681,123.21,117.92,78.434,54.354,58.908,46.75,113.4,148.08,92.974,0.77119,0.7467
-0.80387,-0.44671,0.39274,0.22252,0.38649,0.89505,0.55162,-0.80689,0.21129,176,118.19,84.83,68.272,52.536,46.993,124.1,160.14,71.013,0.87617,0.69632
0.95375,0.24859,0.16899,0.17862,-0.92088,0.34651,-0.24176,0.3003,0.9227,382.13,223.68,210.96,94.202,79.318,70.836,97.863,139.91,89.776,0.8338,0.33242
-0.97185,0.10952,0.20862,-0.23557,-0.46997,-0.85067,0.0048811,-0.87586,0.48254,618.11,199.67,90.285,121.18,78.154,64.498,139.29,93.309,74.363,0.98927,0.89193
0.93001,-0.11171,0.35016,-0.26051,0.47171,0.84239,0.25927,0.87465,-0.40959,382.36,234.01,142.44,94.208,76.529,65.011,126.9,85.341,71.442,0.92802,0.79342
-0.92035,0.20878,-0.3307,0.3802,0.67581,-0.63144,-0.091659,0.70688,0.70137,306.47,162.15,101.37,79.918,64.512,49.895,135.2,159.99,67.182,0.94371,0.7805
-0.91336,0.063977,0.40208,0.34725,-0.39317,0.85137,-0.21256,-0.91724,-0.33689,1039.7,245.81,76.729,126.19,76.253,49.59,132.34,146.7,64.717,0.99727,0.95003
-0.99404,-0.10732,0.019195,0.076,-0.55589,0.82777,-0.078165,0.8243,0.56074,581.53,244.95,103.33,127.25,75.877,56.898,124.38,153.53,70.902,0.98409,0.90668
-0.95699,0.28835,0.031912,0.28951,0.95629,0.041108,0.018663,-0.048579,0.99864,115.36,49.725,40.392,48.478,32.406,35.031,114.95,70.89,57.717,0.9367,0.58324
-0.58971,0.01953,0.80738,0.68036,-0.52664,0.50968,-0.43515,-0.84987,-0.29728,315.12,195.73,65.151,85.637,74.878,47.696,179.81,142.22,79.847,0.97839,0.94298
-0.63368,0.031996,0.77294,0.61668,-0.58236,0.52968,-0.46707,-0.8123,-0.3493,397.59,275.8,166.57,99.896,77.927,73.119,166.51,146.89,85.32,0.90801,0.79701
-0.99667,-0.081172,-0.007831,-0.059037,0.65195,0.75596,-0.056257,0.7539,-0.65457,609.71,275.24,156.72,107.87,76.039,69.504,147.4,86.246,72.143,0.9664,0.82207
-0.89723,-0.39892,-0.1893,-0.43984,0.7697,0.46271,0.038883,-0.49842,0.86606,199.68,102.11,78.695,64.002,50.804,46.573,113.29,156.66,48.174,0.91907,0.63719
-0.99806,-0.028705,-0.05529,-0.061854,0.35092,0.93436,-0.0074181,0.93597,-0.35201,249.98,144.13,130.66,69.421,65.079,61.576,127.11,89.269,94.369,0.85253,0.42217
-0.97845,0.12303,-0.16582,0.024793,-0.72726,-0.68592,0.20498,0.67525,-0.70854,359.84,137.45,103.34,84.331,60.453,51.558,108.13,100.99,108.56,0.95787,0.65932
-0.99412,-0.083323,-0.06921,-0.0032809,0.66182,-0.74966,-0.10827,0.74502,0.6582,500.62,252.89,148.11,102.56,76.786,63.807,131.48,154.34,66.315,0.95524,0.81057
0.90738,0.10493,0.407,-0.15836,-0.81163,0.56229,0.38934,-0.57467,-0.71984,194.3,71.53,44.393,61.454,42.513,35.685,122.37,83.769,66.455,0.97355,0.78411
-0.93945,-0.10204,-0.32713,0.33287,-0.49852,-0.80042,0.081404,0.86085,-0.5023,654.07,344.43,116,114.92,97.328,73.83,133.66,83.762,70.949,0.98415,0.94158
-0.97672,0.051776,-0.20819,0.11258,-0.70241,-0.70282,0.18263,0.70989,-0.68022,346.65,173.39,122.9,81.534,66.19,57.7,130.87,84.631,70.281,0.93504,0.70543
-0.53936,-0.16956,0.82482,0.78623,0.24935,0.56539,0.30154,-0.95345,0.0011699,129.38,72.933,58.098,57.499,44.169,38.407,141.19,90.144,104.28,0.89351,0.60452
-0.99453,-0.084655,0.061122,0.099459,-0.58987,0.80135,-0.031784,0.80305,0.59507,310.76,188.76,119.64,87.133,72.3,54.168,115.46,151.61,64.234,0.92292,0.7735
0.85663,-0.13,0.49929,-0.47427,0.18259,0.86124,0.20313,0.97456,-0.094756,413.81,222.36,173.65,102.67,75.676,70.127,88.175,103.63,93.759,0.90769,0.62459
-0.98193,0.089385,0.1668,0.18414,0.65453,0.73327,0.043631,-0.75073,0.65916,473.91,189.03,116.64,119.01,74.924,63.325,146.98,85.829,91.815,0.96924,0.78692
-0.97733,-0.1384,0.16025,-0.20472,0.81089,-0.54822,0.054072,0.5686,0.82084,226.12,127.09,92.655,81.39,63.054,58.082,174.99,142.39,83.678,0.91219,0.68446
-0.93642,0.245,0.25119,-0.22551,0.12825,-0.96576,0.26883,0.961,0.064842,428.02,236.66,173.74,99.415,72.456,79.343,166,150.38,74.563,0.91391,0.679
0.45877,-0.39195,0.79744,0.51207,0.85006,0.12322,-0.72616,0.35181,0.59069,91.537,61.86,49.446,55.563,61,34.357,182.1,154.23,52.021,0.84155,0.6009
-0.78562,0.38258,-0.48625,0.61158,0.59916,-0.51669,-0.093669,0.7033,0.70469,275.91,171.19,56.309,75.074,62.465,41.837,141.7,157.12,63.73,0.97895,0.94435
-0.96774,0.16267,-0.19241,0.25151,0.57809,-0.77624,0.015043,0.79959,0.60036,474.85,230.55,121.47,104.45,87.519,60.13,128.8,154.35,69.305,0.96673,0.84994
-0.99189,0.0044514,0.127,-0.1138,-0.47582,-0.87215,0.056546,-0.87953,0.47247,499.03,270.72,194.91,102.59,83.199,79.697,148.36,92.41,98.057,0.92057,0.694
-0.93434,-0.35631,0.0078362,0.061761,-0.14022,0.98819,-0.351,0.92379,0.15302,355.18,144.61,77.825,101.17,61.533,45.904,117.43,162.29,67.807,0.9757,0.84284
0.88866,-0.31631,0.33202,-0.36333,-0.043899,0.93063,0.27979,0.94764,0.15394,384.88,108.52,85.583,87.861,51.592,48.105,122.81,78.228,62.293,0.97496,0.61483
-0.97865,-0.028873,-0.2035,-0.0078048,0.99459,-0.10358,-0.20539,0.09978,0.97358,263.14,118.91,84.816,77.857,54.13,44.779,128.65,148.75,58.248,0.94663,0.7009
-0.99238,-0.088477,-0.085761,-0.016882,-0.59181,0.8059,-0.12206,0.80121,0.58581,329.29,170.71,85.957,78.569,67.912,47.496,115.44,143.94,102.99,0.96533,0.86399
-0.87084,-0.42273,0.25088,-0.49154,0.74305,-0.45416,-0.0055724,0.51882,0.85487,525.16,215.35,45.889,118.07,71.313,64.379,125.54,145.15,58.796,0.99617,0.97703
-0.93602,-0.087485,0.3409,0.237,0.55938,0.79431,0.26018,-0.82428,0.50286,389.88,194.74,121.24,90.401,70.9,54.623,154.95,85.432,87.317,0.95043,0.78258
0.38695,-0.37283,0.84337,-0.85603,0.19474,0.47885,0.34276,0.90724,0.2438,154.06,50.17,23.332,53.367,36.114,24.52,173.47,164.37,87.216,0.98846,0.88528
-0.94057,-0.2849,-0.18483,-0.26505,0.27557,0.92402,-0.21232,0.91809,-0.3347,226.17,131.87,102.22,75.204,53.217,51.97,105.63,132.85,105.48,0.89204,0.6318
0.4695,0.31823,0.82359,-0.85877,-0.052141,0.5097,-0.20514,0.94658,-0.2488,473.65,323.35,121.57,104.47,93.681,58.393,161.17,90.622,74.374,0.9665,0.92663
-0.94956,0.30559,-0.070382,0.28074,0.92841,0.24341,-0.13972,-0.21137,0.96737,419.26,269.47,199.62,98.618,79.75,71.004,103.4,100.5,93.793,0.87938,0.67173
0.94161,0.055772,0.33205,-0.25803,-0.51404,0.81804,-0.21631,0.85595,0.46963,447.65,223.58,153.11,94.426,70.968,66.095,129.57,153.73,69.483,0.93969,0.72872
-0.97441,-0.14688,-0.17016,0.063547,0.5461,-0.83531,0.21561,-0.82475,-0.52279,401.08,242.55,168.44,107.31,70.677,68.182,127.05,154.4,68.848,0.90755,0.71956
-0.96843,0.23874,-0.071763,0.14692,0.77914,0.6094,-0.2014,-0.57961,0.78961,216.73,119.39,71.737,81.265,53.195,44.611,117,154.68,48.36,0.94363,0.79935
-0.9942,0.10457,0.025309,0.091325,0.69587,0.71234,-0.056876,-0.71051,0.70138,642.5,308.73,154.46,114.55,87.768,66.651,116.66,93.866,98.193,0.97067,0.86584
-0.87309,0.26202,0.41117,0.48243,0.58626,0.65081,0.070527,-0.76658,0.63827,322.73,134.69,121.16,85.959,68.534,59.376,150.91,105.25,96.852,0.92685,0.43686
-0.71023,-0.29483,0.63925,0.36164,0.62629,0.69064,0.60398,-0.72169,0.33819,329.92,224,182.35,90.892,78.644,67.54,171.27,95.831,74.383,0.83338,0.5808
0.79007,-0.28966,0.54026,-0.59358,-0.58162,0.55622,0.15311,-0.76014,-0.63146,479.22,211.39,149.15,100,75.042,60.222,149.55,159.5,68.967,0.95033,0.70867
-0.945,-0.2939,0.14352,0.27795,-0.49036,0.82601,0.17239,-0.82047,-0.54508,241.46,151.68,92.854,68.588,60.729,43.795,113.51,156.73,89.054,0.92311,0.79073
-0.9013,-0.019201,0.43277,0.36161,-0.58344,0.72721,-0.23853,-0.81193,-0.53279,411.12,239.92,140,99.682,71.882,62.29,152.12,142.95,92.109,0.94024,0.8121
-0.8069,-0.441,0.39298,0.57918,-0.46002,0.673,-0.11601,0.77065,0.62661,201.54,164.12,83.132,70.691,60.796,46.427,156.21,158.18,67.764,0.91097,0.86222
-0.94178,-0.065522,-0.3298,0.072999,0.91759,-0.39076,-0.32822,0.39208,0.85938,274.51,102.7,72.704,88.714,51.642,44.071,122.88,165.1,52.641,0.96429,0.7063
-0.9253,0.37678,0.042972,0.010076,-0.088848,0.99599,0.37909,0.92203,0.078415,147.07,111.86,70.807,60.588,51.623,43.855,155.42,155.55,63.231,0.87647,0.77414
-0.91854,-0.38507,-0.089432,0.14341,-0.53539,0.83234,-0.36839,0.75172,0.547,233.55,168.53,104.69,74.037,62.186,53.184,111.31,159.68,55.323,0.89391,0.78365
-0.9572,-0.2847,0.052189,-0.016892,0.23495,0.97186,-0.28895,0.92938,-0.2297,381.43,261.6,223.52,92.903,76.728,76.207,89.676,141.5,83.532,0.81031,0.51958
